GAN

Precision: 0.8133808845570728, std: 0.04120959142771803
Recall: 0.9041336851363238, std: 0.10006306176484007
AUC: 0.759746108800875, std: 0.04841585504776942
DP: 0.12687987246268098, std: 0.11057467850420186
FTU: 0.0738474683097084, std: 0.0840152019258141


WGAN

Precision: 0.8391632901140097, std: 0.035025383883245886
Recall: 0.896437994722955, std: 0.05346336701164188
AUC: 0.8193175294244375, std: 0.024790040313932647
DP: 0.1794309706276679, std: 0.09403419590943915
FTU: 0.05847158235594232, std: 0.04177263891864937

GAN-PR

Precision: 0.8396768185695885, std: 0.02206312506310906
Recall: 0.8347845206684257, std: 0.0869696932796706
AUC: 0.7564188657312875, std: 0.044974477124113454
DP: 0.16949822667614287, std: 0.0712887118378949


WGAN-PR